0.0
0.0
0.0
0.0
0.0
0.0
0.0
0.04
0.0
0.0
0.0
0.0
0.0
0.0
0.0
0.04
0.0
0.0
0.0
0.0
0.04
0.0
0.0
0.0
0.0
0.0
0.0
0.0
0.0
0.0
0.0
0.0
0.0
0.0
0.0
0.0
0.0
0.0
0.0
0.0
0.0
0.0
0.0
0.0
0.0
0.04
0.0
0.0
0.08
0.0
0.0
0.0
0.0
0.0
0.0
0.0
0.0
0.0
0.0
0.0
0.04
0.0
0.0
0.0
0.0
0.04
0.0
0.0
0.0
0.0
0.0
0.04
0.0
0.0
0.0
0.04
0.0
0.04
0.0
0.0
0.0
0.04
0.0
0.08
0.08
0.04
0.0
0.0
0.04
0.08
0.0
0.0
0.04
0.04
0.0
0.0
0.0
0.04
0.04
0.08
0.0
0.04
0.04
0.0
0.04
0.0
0.08
0.0
0.04
0.04
0.0
0.08
0.0
0.04
0.08
0.04
0.0
0.0
0.08
0.0
0.16
0.04
0.04
0.0
0.16
0.0
0.08
0.08
0.04
0.0
0.0
0.04
0.0
0.04
0.04
0.12000000000000002
0.04
0.0
0.0
0.04
0.04
0.12000000000000002
0.04
0.08
0.08
0.0
0.0
0.08
0.04
0.04
0.04
0.12000000000000002
0.04
0.12000000000000002
0.08
0.16
0.04
0.08
0.12000000000000002
0.04
0.12000000000000002
0.04
0.04
0.2
0.04
0.04
0.12000000000000002
0.04
0.27999999999999997
0.12000000000000002
0.16
0.2
0.08
0.16
0.04
0.08
0.04
0.12000000000000002
0.12000000000000002
0.2
0.16
0.2
0.12
0.04
0.08
0.2
0.12000000000000002
0.08
0.12000000000000002
0.08
0.08
0.16
0.12000000000000002
0.08
0.16
0.16
0.16
0.24000000000000005
0.08
0.08
0.27999999999999997
0.2
0.24
0.27999999999999997
0.08
0.16
0.36
0.24000000000000005
0.16
0.08
0.04
0.16
0.16
0.2
0.12000000000000002
0.2
0.2
0.12000000000000002
0.2
0.16
0.24
0.16
0.2
0.08
0.04
0.4
0.27999999999999997
0.16
0.16
0.2
0.31999999999999995
0.27999999999999997
0.24000000000000005
0.27999999999999997
0.12000000000000002
0.16
0.12000000000000002
0.48
0.4
0.32
0.27999999999999997
0.2
0.44000000000000006
0.12000000000000002
0.36
0.48
0.4
0.27999999999999997
0.27999999999999997
0.24000000000000005
0.16
0.16
0.12000000000000002
0.31999999999999995
0.31999999999999995
0.16
0.2
0.44000000000000006
0.27999999999999997
0.27999999999999997
0.24000000000000005
0.44000000000000006
0.2
0.2
0.16
0.4
0.48
0.2
0.27999999999999997
0.24000000000000005
0.4
0.27999999999999997
0.36
0.31999999999999995
0.2
0.28
0.31999999999999995
0.32
0.32
0.48
0.2
0.27999999999999997
0.24
0.36
0.28
0.48
0.36
0.36
0.24
0.27999999999999997
0.36
0.36
0.48
0.44000000000000006
0.36
0.44000000000000006
0.4
0.2
0.36
0.4
0.27999999999999997
0.31999999999999995
0.36000000000000004
0.16
0.32
0.32
0.36
0.2
0.24000000000000005
0.27999999999999997
0.39999999999999997
0.27999999999999997
0.32
0.32
0.32
0.48
0.32
0.32
0.2
0.36
0.4
0.44000000000000006
0.24000000000000005
0.32
0.44000000000000006
0.32
0.36
0.4
0.24000000000000005
0.52
0.36
0.44000000000000006
0.36
0.48
0.31999999999999995
0.32
0.44000000000000006
0.68
0.4
0.4
0.4
0.32
0.4
0.36
0.64
0.5599999999999999
0.32
0.31999999999999995
0.44000000000000006
0.31999999999999995
0.36
0.28
0.48
0.27999999999999997
0.36
0.4
0.36000000000000004
0.44000000000000006
0.4
0.32
0.4000000000000001
0.43999999999999995
0.48
0.6
0.44000000000000006
0.44000000000000006
0.4800000000000001
0.48
0.52
0.4800000000000001
0.27999999999999997
0.52
0.43999999999999995
0.36000000000000004
0.36000000000000004
0.48
0.27999999999999997
0.27999999999999997
0.43999999999999995
0.4800000000000001
0.28
0.27999999999999997
0.48
0.36
0.52
0.6
0.5200000000000001
0.44000000000000006
0.4
0.48
0.44000000000000006
0.36
0.36
0.52
0.27999999999999997
0.44000000000000006
0.27999999999999997
0.2
0.44000000000000006
0.31999999999999995
0.32
0.52
0.52
0.2
0.5599999999999999
0.4
0.5199999999999999
0.52
0.4000000000000001
0.48
0.28
0.4800000000000001
0.48
0.27999999999999997
0.4
0.32
0.36
0.48
0.4
0.43999999999999995
0.48
0.4
0.48
0.4
0.43999999999999995
0.32
0.36
0.2
0.24000000000000005
0.36
0.28
0.48
0.2
0.4
0.27999999999999997
0.48
0.6
0.2
0.6000000000000001
0.16
0.31999999999999995
0.4
0.5200000000000001
0.4400000000000001
0.27999999999999997
0.56
0.27999999999999997
0.32
0.36
0.27999999999999997
0.24000000000000005
0.43999999999999995
0.48
0.39999999999999997
0.4
0.36000000000000004
0.32
0.44000000000000006
0.6
0.36
0.44000000000000006
0.48
0.32
0.36
0.36
0.5199999999999999
0.16
0.31999999999999995
0.52
0.32
0.44000000000000006
0.6000000000000001
0.36000000000000004
0.6799999999999999
0.44000000000000006
0.43999999999999995
0.27999999999999997
0.39999999999999997
0.28
0.28
0.4800000000000001
0.24
0.6
0.36
0.32
0.4
0.4800000000000001
0.5199999999999999
0.43999999999999995
0.44000000000000006
0.48
0.36
0.44000000000000006
0.4
0.32
0.36
0.27999999999999997
0.27999999999999997
0.27999999999999997
0.4
0.36
0.56
0.4
0.5199999999999999
0.6799999999999999
0.36
0.52
0.4
0.36
0.44000000000000006
0.24
0.32
0.48
0.44000000000000006
0.36000000000000004
0.44000000000000006
0.44000000000000006
0.4000000000000001
0.44000000000000006
0.36
0.6
0.4800000000000001
0.44000000000000006
0.24
0.5200000000000001
0.4
0.32
0.36
0.36
0.32
0.28
0.27999999999999997
0.5999999999999999
0.31999999999999995
0.36
0.56
0.4
0.32
0.4000000000000001
0.44000000000000006
0.36
0.52
0.5199999999999999
0.4400000000000001
0.44000000000000006
0.27999999999999997
0.5200000000000001
0.36
0.4
0.4
0.6
0.4
0.32
0.36000000000000004
0.44000000000000006
0.31999999999999995
0.28
0.2
0.44000000000000006
0.4
0.44000000000000006
0.4
0.4800000000000001
0.43999999999999995
0.27999999999999997
0.32
0.48
0.32
0.36
0.39999999999999997
0.44000000000000006
0.5599999999999999
0.5199999999999999
0.44000000000000006
0.48
0.4800000000000001
0.27999999999999997
0.24
0.48
0.4
0.52
0.44000000000000006
0.36
0.5599999999999999
0.44000000000000006
0.4800000000000001
0.48
0.27999999999999997
0.27999999999999997
0.52
0.2
0.44000000000000006
0.36000000000000004
0.4
0.43999999999999995
0.4
0.36
0.6
0.36
0.32