0.0
0.0
0.006666666666666666
0.006666666666666666
0.0
0.02
0.013333333333333332
0.03333333333333333
0.06000000000000001
0.06
0.06666666666666668
0.06
0.12666666666666665
0.16
0.3
0.3466666666666667
0.36666666666666664
0.39333333333333337
0.5266666666666666
0.5333333333333333
0.3666666666666666
0.5133333333333333
0.5399999999999999
0.6466666666666667
0.6799999999999999
0.66
0.7066666666666667
0.7
0.7266666666666668
0.78
0.72
0.7466666666666667
0.7333333333333334
0.74
0.78
0.7066666666666666
0.7066666666666668
0.6866666666666666
0.78
0.7533333333333333
0.8066666666666666
0.7066666666666668
0.7333333333333332
0.8133333333333332
0.7533333333333333
0.7666666666666667
0.7066666666666667
0.7933333333333333
0.82
0.76
0.6733333333333335
0.8066666666666666
0.8066666666666666
0.8066666666666669