0.0
0.0
0.0
0.0
0.0
0.03333333333333333
0.03333333333333333
0.1
0.0
0.0
0.03333333333333333
0.0
0.06666666666666667
0.1
0.2
0.26666666666666666
0.36666666666666664
0.23333333333333334
0.5333333333333333
0.3
0.23333333333333334
0.6
0.5666666666666667
0.43333333333333335
0.7666666666666667
0.6
0.4
0.7666666666666667
0.7666666666666667
0.8333333333333334
0.7
0.6
0.7
0.7666666666666667
0.8666666666666667
0.5333333333333333
0.5666666666666667
0.7666666666666667
0.7
0.6333333333333333
0.8
0.7333333333333333
0.6666666666666666
0.8
0.7333333333333333
0.8
0.6666666666666666
0.7666666666666667
0.7333333333333333
0.7
0.7666666666666667
0.8666666666666667
0.7
0.8