0.0
0.0
0.03333333333333333
0.0
0.0
0.03333333333333333
0.0
0.0
0.03333333333333333
0.06666666666666667
0.06666666666666667
0.0
0.03333333333333333
0.16666666666666666
0.3
0.06666666666666667
0.0
0.06666666666666667
0.3333333333333333
0.5666666666666667
0.1
0.13333333333333333
0.36666666666666664
0.5666666666666667
0.6666666666666666
0.5
0.8
0.5666666666666667
0.5666666666666667
0.9
0.5666666666666667
0.6666666666666666
0.7333333333333333
0.7666666666666667
0.6666666666666666
0.6666666666666666
0.6
0.4666666666666667
0.6666666666666666
0.7333333333333333
0.8
0.6
0.7666666666666667
0.7666666666666667
0.7
0.7333333333333333
0.6666666666666666
1.0
0.8333333333333334
0.7333333333333333
0.6
0.9
0.8666666666666667
0.8