0.0
0.0
0.0
0.0
0.0
0.0
0.03333333333333333
0.03333333333333333
0.0
0.03333333333333333
0.1
0.06666666666666667
0.13333333333333333
0.1
0.3
0.4666666666666667
0.23333333333333334
0.6333333333333333
0.5333333333333333
0.7333333333333333
0.5666666666666667
0.6
0.7333333333333333
0.8
0.7666666666666667
0.8333333333333334
0.7666666666666667
0.7666666666666667
0.7333333333333333
0.8
0.8
0.8333333333333334
0.8333333333333334
0.7333333333333333
0.8
0.8
0.8333333333333334
0.7
0.8666666666666667
0.8333333333333334
0.7666666666666667
0.8
0.8
0.9
0.8
0.7666666666666667
0.7666666666666667
0.7
0.9
0.8
0.7
0.6333333333333333
0.9
0.8333333333333334