10.0
9.433333333333334
9.433333333333334
10.133333333333333
20.066666666666666
30.566666666666666
11.366666666666667
9.8
84.16666666666667
133.86666666666667
137.83333333333334
138.96666666666667
147.33333333333334
158.13333333333333
158.8
132.76666666666668
129.8
100.6
76.26666666666667
179.56666666666666
176.26666666666668
172.2
130.73333333333332
156.96666666666667
162.1
70.73333333333333
130.26666666666668
152.03333333333333
146.43333333333334
102.66666666666667
91.76666666666667
141.46666666666667
171.03333333333333
178.13333333333333
164.4
196.33333333333334
169.46666666666667
195.36666666666667
186.66666666666666
130.93333333333334
183.66666666666666
147.2
194.3
174.96666666666667
180.43333333333334
178.06666666666666
182.13333333333333
155.63333333333333
183.86666666666667
173.66666666666666
193.3
200.0
177.83333333333334
200.0
158.03333333333333
199.3
197.96666666666667
127.83333333333333
167.9
163.46666666666667
120.8
148.6
177.4
194.36666666666667
154.73333333333332
161.46666666666667
126.96666666666667
192.5
196.76666666666668
174.26666666666668
120.23333333333333
177.13333333333333
91.0
138.7
199.6
152.76666666666668
174.7
190.16666666666666
197.43333333333334
181.86666666666667
169.06666666666666
197.4
131.1
156.63333333333333
200.0
172.83333333333334
194.66666666666666
193.9
194.66666666666666
187.33333333333334
195.73333333333332
200.0
200.0
200.0
200.0
200.0
200.0
200.0
200.0
135.96666666666667
170.3
175.13333333333333
187.56666666666666
200.0
197.06666666666666
140.9
106.13333333333334
181.36666666666667
175.26666666666668
200.0
199.23333333333332
196.63333333333333
175.53333333333333
168.5
200.0
186.46666666666667
186.66666666666666
190.93333333333334
195.76666666666668
198.2
196.86666666666667
200.0
175.63333333333333
181.53333333333333
104.13333333333334
162.93333333333334
198.43333333333334
198.53333333333333
200.0
200.0
198.16666666666666
102.66666666666667
146.26666666666668
190.36666666666667
194.6
200.0
200.0
200.0
200.0
174.06666666666666
186.56666666666666
200.0
200.0
188.73333333333332
150.26666666666668
150.06666666666666
139.33333333333334
187.96666666666667
200.0
200.0
199.3
200.0
185.53333333333333
163.33333333333334
126.33333333333333
180.56666666666666
192.36666666666667
186.63333333333333
182.86666666666667
197.33333333333334
200.0
198.93333333333334
179.36666666666667
166.43333333333334
187.36666666666667
200.0
193.0
137.13333333333333
151.33333333333334
150.1
121.13333333333334
174.46666666666667
200.0
200.0
196.03333333333333
200.0
181.63333333333333
200.0
123.43333333333334
63.56666666666667
198.06666666666666
198.46666666666667
176.7
136.46666666666667
172.83333333333334
176.46666666666667
177.16666666666666
144.8
163.1
134.1
106.13333333333334
89.6
130.66666666666666
175.23333333333332
195.53333333333333
192.36666666666667
182.86666666666667
165.16666666666666
155.7
189.16666666666666
164.83333333333334
191.96666666666667
161.36666666666667
164.86666666666667
176.9
200.0
200.0
195.23333333333332
188.13333333333333
199.03333333333333
188.76666666666668
173.66666666666666
155.06666666666666
131.13333333333333
164.3
175.5
192.23333333333332
193.33333333333334
200.0
187.93333333333334
190.13333333333333
200.0
191.26666666666668
173.3
157.53333333333333
153.23333333333332
192.0
195.83333333333334
200.0
182.5
200.0
191.66666666666666
200.0
184.73333333333332
200.0
200.0
200.0
196.6
190.26666666666668
200.0
200.0
200.0
200.0