30.0
24.133333333333333
25.866666666666667
26.9
27.533333333333335
94.16666666666667
162.4
169.46666666666667
169.66666666666666
153.1
164.5
167.23333333333332
147.03333333333333
180.7
138.3
139.93333333333334
70.66666666666667
106.6
123.83333333333333
163.5
186.3
173.56666666666666
167.1
177.26666666666668
168.63333333333333
145.93333333333334
148.23333333333332
126.03333333333333
140.16666666666666
161.83333333333334
185.5
139.23333333333332
183.93333333333334
179.7
186.4
182.86666666666667
168.23333333333332
100.33333333333333
154.93333333333334
191.33333333333334
197.66666666666666
185.5
135.36666666666667
149.5
60.63333333333333
100.9
145.13333333333333
139.66666666666666
123.7
166.43333333333334
117.1
127.86666666666666
198.0
191.16666666666666
169.86666666666667
194.8
193.46666666666667
140.1
125.53333333333333
144.56666666666666
180.9
157.8
164.36666666666667
163.76666666666668
185.26666666666668
98.43333333333334
106.66666666666667
192.26666666666668
150.0
92.6
136.26666666666668
193.5
200.0
200.0
198.13333333333333
171.9
165.4
200.0
200.0
197.13333333333333
200.0
186.73333333333332
189.2
160.53333333333333
107.73333333333333
134.43333333333334
155.03333333333333
122.4
125.16666666666667
189.56666666666666
193.73333333333332
169.46666666666667
191.0
173.2
177.16666666666666
193.33333333333334
127.43333333333334
163.8
187.53333333333333
193.5
200.0
195.26666666666668
172.66666666666666
136.9
131.4
166.53333333333333
192.9
200.0
200.0
200.0
173.73333333333332
144.7
86.16666666666667
49.5
148.73333333333332
194.16666666666666
200.0
197.8
180.06666666666666
116.26666666666667