0.0
0.0
0.0
0.0
0.0
0.0
0.0
0.0
0.0
0.0
0.0
0.0
0.0
0.0
0.0
0.0
0.0
0.0
0.0
0.0
0.0
0.0
0.0
0.0
0.0
0.0
0.0
0.0
0.0
0.0
0.0
0.0
0.0
0.0
0.0
0.0
0.0
0.0
0.0
0.0
0.0
0.0
0.0
0.0
0.0
0.0
0.0
0.0
0.0
0.0
0.0
0.02
0.0
0.02
0.02
0.0
0.02
0.0
0.0
0.04
0.08
0.04
0.06000000000000001
0.1
0.13999999999999999
0.24000000000000005
0.24
0.2
0.18
0.24000000000000005
0.27999999999999997
0.4
0.38
0.44000000000000006
0.4600000000000001
0.4
0.48
0.48
0.6
0.6
0.6199999999999999
0.62
0.72
0.5799999999999998
0.68
0.72
0.76
0.7
0.7
0.7999999999999999
0.76
0.7999999999999999
0.82
0.76
0.82
0.72
0.8
0.8400000000000001
0.82
0.8400000000000001
0.9
0.8800000000000001
0.7999999999999999
0.86
0.8400000000000001
0.8800000000000001
0.9199999999999999
0.9400000000000001
0.9
0.8800000000000001
0.9400000000000001
0.96
0.9400000000000001
0.9800000000000001
0.96
1.0
0.96
1.0
1.0
0.9800000000000001
1.0
1.0
1.0
1.0
1.0
1.0
1.0
1.0
1.0
1.0
1.0
1.0
1.0
1.0
1.0
1.0
1.0
1.0
1.0
1.0
1.0
1.0
1.0
1.0
1.0
1.0
1.0
1.0
1.0
1.0