13.0
22.3
19.166666666666668
20.566666666666666
25.3
27.3
29.0
50.9
136.3
143.0
124.9
98.66666666666667
96.03333333333333
108.03333333333333
139.7
142.93333333333334
172.83333333333334
147.4
175.83333333333334
131.13333333333333
111.73333333333333
150.53333333333333
150.13333333333333
153.8
115.1
163.5
164.5
157.93333333333334
127.76666666666667
150.13333333333333
133.03333333333333
142.56666666666666
170.56666666666666
157.06666666666666
96.36666666666666
174.56666666666666
185.5
187.5
174.1
152.3
176.8
184.3
114.9
140.8
170.13333333333333
193.9
181.0
190.13333333333333
173.4
181.03333333333333
174.46666666666667
150.9
119.33333333333333
89.16666666666667
180.0
169.06666666666666
191.03333333333333
161.6
107.56666666666666
173.86666666666667
182.13333333333333
181.8
143.76666666666668
158.43333333333334
156.1
147.46666666666667
198.53333333333333
197.96666666666667
171.26666666666668
177.43333333333334
200.0
160.7
164.43333333333334
176.86666666666667
152.5
185.76666666666668
152.53333333333333
166.66666666666666
151.2
144.26666666666668
112.1
168.03333333333333
158.1
130.0
161.83333333333334
168.93333333333334
192.86666666666667
168.8
163.63333333333333
188.43333333333334
164.1
179.96666666666667
175.56666666666666
188.33333333333334
140.76666666666668
187.53333333333333
176.13333333333333
177.5
169.56666666666666
200.0
168.96666666666667
151.23333333333332
151.26666666666668
183.0
172.13333333333333
182.2
183.3
174.03333333333333
172.5
153.63333333333333
152.43333333333334
175.16666666666666
164.9
143.83333333333334
169.0
174.86666666666667
172.43333333333334
167.6
151.8
175.4
157.53333333333333
145.96666666666667
141.3
142.1
127.06666666666666
138.1
160.96666666666667
172.13333333333333
152.2
175.46666666666667
192.86666666666667
195.2
183.56666666666666
148.96666666666667
129.53333333333333
175.6
185.9
185.86666666666667
187.06666666666666
185.2
176.03333333333333