23.0
26.633333333333333
22.033333333333335
24.2
20.266666666666666
24.533333333333335
43.53333333333333
57.9
85.26666666666667
130.5
132.1
112.1
113.96666666666667
124.4
87.7
98.86666666666666
147.4
133.76666666666668
133.96666666666667
109.7
116.8
115.43333333333334
163.8
137.86666666666667
131.86666666666667
145.73333333333332
160.26666666666668
120.33333333333333
155.2
167.6
181.83333333333334
165.16666666666666
142.0
190.23333333333332
167.03333333333333
169.9
166.26666666666668
177.7
156.1
170.43333333333334
191.7
183.63333333333333
191.43333333333334
188.46666666666667
141.2
79.4
114.23333333333333
139.53333333333333
179.5
149.46666666666667
155.86666666666667
173.66666666666666
162.0
172.33333333333334
175.5
152.86666666666667
171.86666666666667
164.2
144.73333333333332
183.03333333333333
133.53333333333333
150.96666666666667
184.96666666666667
185.5
191.16666666666666
156.7
144.43333333333334
144.96666666666667
173.26666666666668
138.06666666666666
180.36666666666667
154.83333333333334
120.46666666666667
162.56666666666666
157.23333333333332
187.53333333333333
170.63333333333333
172.36666666666667
176.96666666666667
191.16666666666666
184.93333333333334
164.16666666666666
197.3
164.8
176.76666666666668
192.66666666666666
157.53333333333333
189.5
174.06666666666666
150.86666666666667
97.3
178.9
179.56666666666666
194.53333333333333
188.9
158.43333333333334
164.0
180.7
167.9
138.06666666666666
181.36666666666667
188.03333333333333
174.76666666666668
150.83333333333334
180.6
142.56666666666666
118.33333333333333
119.6
154.73333333333332
188.06666666666666
184.4
166.9
178.1
167.76666666666668
137.53333333333333
153.66666666666666
161.53333333333333
157.96666666666667
188.7
188.03333333333333
147.13333333333333
132.36666666666667
170.83333333333334
196.96666666666667
185.83333333333334
186.8
192.9
165.3
190.6
187.36666666666667
151.9