0.0
0.0
0.0
0.0
0.0
0.0
0.0
0.0
0.0
0.0
0.0
0.0
0.0
0.0
0.0
0.0
0.0
0.0
0.0
0.0
0.0
0.0
0.0
0.0
0.0
0.0
0.0
0.0
0.0
0.0
0.0
0.0
0.0
0.0
0.04
0.0
0.04
0.0
0.0
0.0
0.0
0.0
0.0
0.0
0.0
0.04
0.0
0.0
0.0
0.0
0.04
0.04
0.0
0.04
0.08
0.04
0.0
0.08
0.04
0.0
0.0
0.0
0.0
0.0
0.0
0.0
0.04
0.0
0.0
0.04
0.0
0.0
0.08
0.0
0.04
0.04
0.08
0.04
0.0
0.04
0.0
0.08
0.16
0.12000000000000002
0.08
0.12000000000000002
0.08
0.0
0.0
0.0
0.0
0.0
0.0
0.0
0.08
0.08
0.04
0.0
0.04
0.0
0.12000000000000002
0.16
0.12000000000000002
0.04
0.08
0.04
0.12000000000000002
0.08
0.04
0.32
0.08
0.08
0.12000000000000002
0.12000000000000002
0.16
0.16
0.16
0.16
0.12000000000000002
0.2
0.08
0.36000000000000004
0.24
0.2
0.27999999999999997
0.2
0.08
0.24
0.4
0.36
0.04
0.24
0.27999999999999997
0.24
0.24
0.32
0.2
0.27999999999999997
0.4
0.44000000000000006
0.27999999999999997
0.4800000000000001
0.4
0.36
0.52
0.48
0.4
0.56
0.6
0.6799999999999999
0.6
0.6799999999999999
0.72
0.5599999999999999
0.64
0.64
0.72
0.68
0.68
0.68
0.64
0.72
0.76
0.72
0.9199999999999999
0.8
0.8800000000000001
0.8800000000000001
1.0
0.96
1.0
0.8800000000000001
0.9199999999999999
0.9199999999999999
1.0
0.8400000000000001
0.8
0.96
1.0
0.76
0.9199999999999999
0.96
0.96
0.96
0.8
0.96
0.96
1.0
1.0
1.0
1.0
0.96
0.96
0.9199999999999999
1.0
1.0
1.0
1.0
0.96
1.0
1.0
1.0
1.0
1.0
1.0
0.96
1.0
1.0
1.0
0.96
0.96
1.0
1.0
1.0
1.0
1.0
0.96
1.0
1.0
1.0
1.0
1.0
1.0
1.0
1.0
1.0
1.0
1.0
1.0
1.0
1.0
1.0
1.0
1.0
1.0
1.0
1.0
1.0
1.0
1.0
1.0
1.0
1.0
0.96
1.0
1.0
1.0
1.0
1.0
0.96
1.0
1.0
1.0
1.0
1.0
1.0
1.0
1.0
1.0
1.0
1.0
1.0
1.0
1.0
1.0
1.0
1.0
1.0
0.96
1.0
1.0
1.0
1.0
1.0
1.0
1.0
1.0
1.0
1.0
1.0
1.0
1.0
1.0
1.0
1.0
1.0
1.0
1.0
1.0
1.0
1.0
1.0
1.0
1.0
1.0
1.0
1.0
1.0
1.0
1.0
1.0
1.0
1.0
1.0
0.96
1.0
1.0
1.0
1.0
1.0
1.0
1.0
0.96
1.0
1.0
1.0
1.0
1.0
1.0
1.0
1.0
1.0
1.0
1.0
1.0
1.0
1.0
1.0
1.0
1.0
1.0
1.0
1.0
1.0
1.0
1.0
1.0
1.0
1.0
1.0
1.0
1.0
1.0
1.0
1.0
1.0
1.0
1.0
1.0
1.0
1.0
1.0
1.0
1.0
1.0
1.0
1.0
1.0
1.0
1.0
1.0
1.0
1.0
1.0
1.0
1.0
1.0
1.0
1.0
1.0
1.0
1.0
1.0
1.0
1.0
1.0
1.0
1.0
1.0
1.0
1.0
1.0
1.0
0.96
1.0
1.0
1.0
1.0
1.0
1.0
1.0
1.0
1.0
1.0
1.0
1.0
1.0
1.0
1.0
1.0
1.0
1.0
1.0
1.0
1.0
1.0
1.0
1.0
1.0
1.0
1.0
1.0
1.0
1.0
1.0
1.0
1.0
1.0
1.0
1.0
1.0
1.0
1.0
1.0
1.0
1.0
1.0
1.0
1.0
1.0
1.0
1.0
1.0
1.0
1.0
1.0
1.0
1.0
1.0
1.0
1.0
1.0
1.0
1.0
1.0
1.0
1.0
1.0
0.96
1.0
1.0
1.0
1.0
1.0
1.0
1.0
1.0
1.0
1.0
1.0
1.0
1.0
1.0
1.0
1.0
1.0
1.0
1.0
1.0
1.0
1.0
1.0
1.0
1.0
1.0
1.0
1.0
1.0
1.0
1.0
1.0
1.0
1.0
1.0
1.0
1.0
1.0
1.0
1.0
1.0
1.0
1.0
1.0
1.0
1.0
1.0
1.0
1.0
1.0
1.0