16.0
25.033333333333335
23.333333333333332
21.166666666666668
21.9
23.466666666666665
27.266666666666666
22.666666666666668
29.033333333333335
22.433333333333334
32.2
28.133333333333333
25.033333333333335
26.166666666666668
26.633333333333333
31.0
24.166666666666668
26.566666666666666
34.7
37.7
37.86666666666667
30.933333333333334
22.5
25.766666666666666
26.733333333333334
29.366666666666667
25.933333333333334
22.8
31.133333333333333
25.333333333333332
21.7
28.366666666666667
31.033333333333335
25.766666666666666
31.0
29.133333333333333
27.8
30.1
38.03333333333333
28.233333333333334
41.06666666666667
33.36666666666667
30.7
35.266666666666666
28.033333333333335
25.133333333333333
26.733333333333334
29.766666666666666
26.0
28.5
31.433333333333334
29.866666666666667
44.666666666666664
37.166666666666664
39.13333333333333
28.133333333333333
32.53333333333333
28.9
40.56666666666667
41.8
29.833333333333332
45.56666666666667
45.63333333333333
41.3
42.93333333333333
30.666666666666668
33.06666666666667
27.5
26.733333333333334
26.266666666666666
29.033333333333335
37.666666666666664
32.6
47.43333333333333
46.7
42.5
35.13333333333333
27.133333333333333
23.233333333333334
29.833333333333332
26.866666666666667
22.0
34.333333333333336
39.3
34.03333333333333
39.833333333333336
45.0
29.033333333333335
33.06666666666667
30.633333333333333
32.8
27.866666666666667
29.066666666666666
35.0
29.566666666666666
34.833333333333336
35.266666666666666
34.36666666666667
29.8
37.93333333333333
28.1
30.333333333333332
32.666666666666664
34.6
39.96666666666667
38.3
39.166666666666664
31.3
29.5
46.5
43.666666666666664
40.733333333333334
32.333333333333336
32.96666666666667
31.2
30.066666666666666
32.6
29.833333333333332
22.533333333333335
31.1
32.46666666666667
34.333333333333336
43.6
37.43333333333333
28.866666666666667
26.0
36.46666666666667
34.53333333333333
33.13333333333333
33.4
41.166666666666664
31.666666666666668
39.53333333333333
31.533333333333335
35.233333333333334
26.133333333333333
34.333333333333336
39.06666666666667
40.63333333333333
42.1
42.86666666666667
55.166666666666664
32.3
36.36666666666667
39.6
40.53333333333333
30.6
36.7
40.333333333333336
27.033333333333335
34.56666666666667
36.1
36.63333333333333
42.2
38.2
41.666666666666664
39.6
34.666666666666664
38.06666666666667
38.4
38.266666666666666
40.766666666666666
45.63333333333333
46.766666666666666
42.266666666666666
46.766666666666666
35.86666666666667
44.56666666666667
47.5
39.166666666666664
45.3
38.266666666666666
43.1
30.766666666666666
44.4
48.766666666666666
49.7
42.86666666666667
44.46666666666667
39.8
35.3
32.266666666666666
38.6
46.46666666666667
42.666666666666664
47.56666666666667
43.43333333333333
38.46666666666667
32.86666666666667
38.96666666666667
40.333333333333336
39.266666666666666
33.3
40.43333333333333
38.6
40.06666666666667
37.6
38.666666666666664
37.766666666666666
27.166666666666668
42.06666666666667
39.9
40.7
42.56666666666667
37.7
33.5
41.9
28.066666666666666
33.0
49.03333333333333
31.133333333333333
27.5
44.166666666666664
35.53333333333333
34.46666666666667
47.266666666666666
35.4
40.666666666666664
40.6
32.46666666666667
44.13333333333333
38.86666666666667
41.166666666666664
42.9
36.53333333333333
32.9
30.8
29.8
36.4
32.56666666666667
34.9
34.13333333333333
31.233333333333334
33.9
35.733333333333334
33.46666666666667
30.833333333333332
33.1
34.86666666666667
28.6
35.833333333333336
43.166666666666664
36.833333333333336
38.43333333333333
37.4
31.266666666666666
32.333333333333336
34.2
38.233333333333334
28.4
40.46666666666667
38.53333333333333
27.866666666666667
36.53333333333333
34.833333333333336
37.63333333333333
32.266666666666666
35.6
36.766666666666666
34.833333333333336
37.8
36.43333333333333
38.13333333333333
45.833333333333336
34.46666666666667
33.46666666666667
41.166666666666664
50.46666666666667
46.53333333333333
48.266666666666666
43.96666666666667
48.63333333333333
42.06666666666667
41.6
32.233333333333334
30.8
33.8
41.2
48.266666666666666
44.666666666666664
42.03333333333333
36.7
36.666666666666664
33.6
38.46666666666667
43.8
43.4
39.766666666666666
47.8
43.2
45.5
52.46666666666667
57.0
42.733333333333334
53.5
48.06666666666667
38.96666666666667
38.233333333333334
34.46666666666667
48.2
56.93333333333333
42.1
50.666666666666664
47.0
39.03333333333333
35.5
25.566666666666666
38.03333333333333
36.03333333333333
38.7
42.63333333333333
46.3
42.96666666666667
35.5
34.53333333333333
35.9
41.5
38.86666666666667
29.9
41.1
33.733333333333334
34.86666666666667
40.333333333333336
38.4
51.56666666666667
35.166666666666664
46.233333333333334
36.7
38.3
39.63333333333333
50.7
51.3
50.86666666666667
39.4
36.53333333333333
37.9
36.333333333333336
30.033333333333335
27.333333333333332
34.46666666666667
35.7
29.9
42.93333333333333
40.833333333333336
39.53333333333333
41.7
33.8
35.36666666666667
44.766666666666666
41.8
41.96666666666667