19.0
19.5
23.0
19.033333333333335
25.0
22.5
20.166666666666668
21.4
22.2
27.833333333333332
27.633333333333333
28.966666666666665
38.6
25.533333333333335
29.166666666666668
32.1
26.466666666666665
27.633333333333333
37.233333333333334
31.6
34.96666666666667
29.933333333333334
29.033333333333335
39.7
35.63333333333333
34.766666666666666
28.2
29.233333333333334
33.6
33.1
30.466666666666665
36.5
32.233333333333334
30.366666666666667
23.8
30.433333333333334
29.433333333333334
30.866666666666667
34.43333333333333
28.033333333333335
47.2
34.266666666666666
35.5
34.733333333333334
41.96666666666667
24.4
29.5
34.1
37.4
35.46666666666667
30.933333333333334
33.2
31.2
27.8
28.4
36.96666666666667
40.2
40.166666666666664
35.4
34.4
41.03333333333333
32.8
32.06666666666667
30.6
31.9
30.6
28.933333333333334
31.5
44.166666666666664
24.033333333333335
34.766666666666666
38.3
30.3
30.366666666666667
28.066666666666666
23.933333333333334
30.333333333333332
29.3
30.966666666666665
26.933333333333334
29.766666666666666
36.56666666666667
42.2
36.5
36.03333333333333
33.1
35.06666666666667
29.766666666666666
29.8
29.5
43.06666666666667
40.666666666666664
30.466666666666665
27.6
28.8
23.533333333333335
32.3
32.733333333333334
29.333333333333332
30.433333333333334
31.966666666666665
30.466666666666665
38.5
26.966666666666665
35.63333333333333
30.566666666666666
39.56666666666667
32.53333333333333
36.53333333333333
42.7
43.333333333333336
43.233333333333334
30.533333333333335
35.0
34.13333333333333
26.133333333333333
30.766666666666666
34.0
36.13333333333333
37.96666666666667
59.06666666666667
38.233333333333334
35.333333333333336
41.2
36.63333333333333
40.233333333333334
43.233333333333334
37.6
43.666666666666664
40.46666666666667
37.233333333333334
43.86666666666667
54.266666666666666
41.4
34.166666666666664
30.433333333333334
32.53333333333333
20.733333333333334
33.6
35.6
37.9
44.833333333333336
31.133333333333333
39.333333333333336
35.46666666666667
35.06666666666667
54.46666666666667
47.766666666666666
31.433333333333334
36.93333333333333
45.03333333333333
34.36666666666667
36.13333333333333
45.7
32.733333333333334
43.36666666666667
28.9
35.0
24.366666666666667
32.2
28.033333333333335
27.9
54.86666666666667
42.3
36.93333333333333
40.3
32.06666666666667
33.2
25.766666666666666
34.766666666666666
38.06666666666667
26.533333333333335
36.36666666666667
28.033333333333335
31.4
24.9
35.7
32.1
42.4
43.666666666666664
35.766666666666666
44.666666666666664
38.36666666666667
44.5
36.266666666666666
31.166666666666668
27.533333333333335
30.733333333333334
34.13333333333333
38.1
37.766666666666666
44.46666666666667
47.6
32.13333333333333
34.93333333333333
43.333333333333336
34.7
29.5
40.46666666666667
35.9
35.63333333333333
35.833333333333336
38.36666666666667
30.4
37.833333333333336
34.766666666666666
32.06666666666667
39.4
43.06666666666667
35.833333333333336
34.266666666666666
43.733333333333334
30.333333333333332
52.8
38.96666666666667
34.9
41.86666666666667
35.46666666666667
34.166666666666664
37.833333333333336
40.333333333333336
26.3
34.8
47.13333333333333
42.36666666666667
49.56666666666667
35.93333333333333
44.13333333333333
44.166666666666664
59.4
50.56666666666667
40.233333333333334
48.833333333333336
38.766666666666666
27.666666666666668
38.5
33.7
34.333333333333336
29.466666666666665
31.6
39.13333333333333
35.766666666666666
36.86666666666667
51.666666666666664
33.6
38.733333333333334
45.2
40.2
27.2
28.1
31.5
28.533333333333335
44.6
45.333333333333336
45.43333333333333
29.033333333333335
34.5
47.233333333333334
44.7
41.8
33.56666666666667
52.733333333333334
40.53333333333333
38.46666666666667
29.866666666666667
30.366666666666667
30.2
36.13333333333333
30.7
38.833333333333336
36.36666666666667
37.766666666666666
38.6
53.5
39.56666666666667
33.36666666666667
44.5
33.333333333333336
47.333333333333336
39.8
48.3
41.2
43.333333333333336
57.96666666666667
49.93333333333333
33.5
35.266666666666666
54.56666666666667
43.166666666666664
42.0
37.266666666666666
37.166666666666664
36.8
44.53333333333333
48.166666666666664
45.56666666666667
47.833333333333336
55.06666666666667
51.43333333333333
46.233333333333334
46.06666666666667
37.2
44.1
52.6
35.0
33.666666666666664
31.9
32.766666666666666
41.766666666666666
37.666666666666664
42.06666666666667
38.53333333333333
42.5
44.6
45.13333333333333
37.2
40.86666666666667
50.36666666666667
43.9
48.13333333333333
46.43333333333333
42.63333333333333
44.1
45.93333333333333
43.63333333333333
37.46666666666667
44.666666666666664
37.2
30.2
32.46666666666667
31.566666666666666
34.7
31.933333333333334
50.53333333333333
44.3
33.86666666666667
40.0
45.666666666666664
44.166666666666664
42.56666666666667
48.3
37.43333333333333
34.5
36.4
40.53333333333333
52.833333333333336
27.433333333333334
51.63333333333333
40.46666666666667
49.03333333333333
30.066666666666666
26.266666666666666
29.933333333333334
25.866666666666667
35.0
36.63333333333333
31.866666666666667
51.13333333333333
40.233333333333334
57.5
48.5
47.56666666666667
35.833333333333336
40.833333333333336
46.03333333333333
50.7
30.4
34.5
45.9
47.2
59.833333333333336
40.06666666666667
55.36666666666667
44.96666666666667
38.86666666666667
34.06666666666667
43.46666666666667
40.266666666666666
44.1
49.0
53.1
47.13333333333333
36.53333333333333
52.166666666666664
47.56666666666667
28.966666666666665
39.666666666666664
53.266666666666666
35.833333333333336
44.4
53.53333333333333
49.8
40.53333333333333
36.766666666666666
32.53333333333333
45.8
42.13333333333333
58.9
37.3
40.63333333333333
45.2
37.3
37.03333333333333
40.2
32.1
36.766666666666666
40.13333333333333
48.36666666666667
43.53333333333333
37.63333333333333
29.066666666666666
26.366666666666667
39.53333333333333
42.666666666666664
41.1
32.6
43.93333333333333
44.233333333333334
45.333333333333336
35.766666666666666
46.56666666666667
39.13333333333333
39.666666666666664
36.56666666666667
33.333333333333336
38.333333333333336
47.7
48.43333333333333
45.733333333333334
45.96666666666667
56.4
47.03333333333333
37.733333333333334
34.43333333333333
53.6
51.733333333333334
43.2
38.63333333333333
31.9
38.766666666666666
42.166666666666664
51.7
45.9
59.56666666666667
38.833333333333336
37.266666666666666
31.533333333333335
40.766666666666666
39.1
31.433333333333334
38.0
37.3
34.766666666666666
43.06666666666667
40.233333333333334
37.93333333333333
31.533333333333335
27.5
27.266666666666666
29.0
35.233333333333334
34.233333333333334
45.666666666666664
42.733333333333334
48.166666666666664
39.13333333333333
37.166666666666664
49.96666666666667
40.86666666666667
33.1
35.8
31.733333333333334
42.36666666666667
49.4
53.8
45.0
36.63333333333333
38.53333333333333
34.0
30.833333333333332
33.3
35.86666666666667
47.2
48.233333333333334
27.866666666666667
43.56666666666667
30.0
30.966666666666665
55.56666666666667
36.46666666666667
41.86666666666667
46.833333333333336
44.5
38.3
54.233333333333334
57.06666666666667
69.1
49.93333333333333
52.3
42.666666666666664
60.4
46.733333333333334
37.86666666666667
28.833333333333332
33.96666666666667
30.733333333333334
44.53333333333333
38.36666666666667
36.233333333333334
34.06666666666667
46.5
40.06666666666667
49.56666666666667
61.36666666666667
41.766666666666666
37.53333333333333
37.6
42.86666666666667
50.06666666666667
41.06666666666667
39.86666666666667
48.03333333333333
50.36666666666667